000000000000000000000000000000000000000000000000000000000000000000000000
000000000000000000000000000000000000000000000000000000000000000000000000
000000000000000000000000000000000000110000000001100000000000000000000000
000000000000000000000000000000000000110000000011110000000000000000000000
000000000000000000000000000000001111010000110101000000000000000000000000
000000000000000000000000101000001111110000000100010000000000000000000000
000000000000000000000001000100001011100010001011010000000000000000000000
000000000000000000000010000100010100000010011111011000000000000000000000
000000000000000000011010000000100100000011000110001100000000000000000000
000000000000000001101010000000000000000000000000001010000000000000000000
000000000000000001101000000011010100000000000000000011100000000000000000
000000000000000010000100010011000000000000000111110011000100000000000000
000000000000000001110101111001000000000000001101000000101000000000000000
000000000000000001110101110101000110111000000111110000000000000000000000
000000000000000000000000000011010001110000000000110000000000000000000000
000000000000000000000110000010010000000110000101101000000000000000000000
000000000000000000000110110000110110000000011011110000000000000000000000
000000000000000000000000000000000000000000011100100000000000000000000000
000000000000000000000110110000110110000000011011110000000000000000000000
000000000000000000000110000010010000000110000101101000000000000000000000
000000000000000000000000000011010001110000000000110000000000000000000000
000000000000000001110101110101000110111000000111110000000000000000000000
000000000000000001110101111001000000000000001101000000101000000000000000
000000000000000010000100010011000000000000000111110011000100000000000000
000000000000000001101000000011010100000000000000000011100000000000000000
000000000000000001101010000000000000000000000000001010000000000000000000
000000000000000000011010000000100100000011000110001100000000000000000000
000000000000000000000010000100010100000010011111011000000000000000000000
000000000000000000000001000100001011100010001011010000000000000000000000
000000000000000000000000101000001111110000000100010000000000000000000000
000000000000000000000000000000001111010000110101000000000000000000000000
000000000000000000000000000000000000110000000011110000000000000000000000
000000000000000000000000000000000000110000000001100000000000000000000000
000000000000000000000000000000000000000000000000000000000000000000000000
000000000000000000000000000000000000000000000000000000000000000000000000
000000000000000000000000000000000000000000000000000000000000000000000000