000000000000000000000000000000000000000000000000000000000000000000000000
000000000000000000000000000000000000000000000000000000000000000000000000
000000000000000000000000000000000000000000000000000000000000000000000000
000000000000000000000000000000000000000000000000000000000000000000000000
000000000000000000000000000000000000000000000000000000000000000000000000
000000000000000000000000000000000000000000000000000000000000000000000000
000000000000000000000000000000000000000000000000000000000000000000000000
000000000000000000000000000000000000000000000000000000000000000000000000
000000000000000000000000000000000000000000000000000000000000000000000000
000000000000000000000000000000000000000000000000000000000000000000000000
000000000000000000000000000000010000000000000000000000000000000000000000
000000000000000000000000000001101100000000000000000000000000000000000000
000000000000000000000000000000010010100000000000000000000000000000000000
000000000000000000000000000000000000100000000000000000000000000000000000
000000000000000000000000000000000000101000000000000000000000000000000000
000000000000000000000000000000000000100100000000000000000000000000000000
000000000000000000000000000000000011000100000000000000000000000000000000
000000000000000000000000000000000011000000000000000000000000000000000000
000000000000000000000000000000000011000000000000000000000000000000000000
000000000000000000000000000000000011000100000000000000000000000000000000
000000000000000000000000000000000000100100000000000000000000000000000000
000000000000000000000000000000000000101000000000000000000000000000000000
000000000000000000000000000000000000100000000000000000000000000000000000
000000000000000000000000000000010010100000000000000000000000000000000000
000000000000000000000000000001101100000000000000000000000000000000000000
000000000000000000000000000000010000000000000000000000000000000000000000
000000000000000000000000000000000000000000000000000000000000000000000000
000000000000000000000000000000000000000000000000000000000000000000000000
000000000000000000000000000000000000000000000000000000000000000000000000
000000000000000000000000000000000000000000000000000000000000000000000000
000000000000000000000000000000000000000000000000000000000000000000000000
000000000000000000000000000000000000000000000000000000000000000000000000
000000000000000000000000000000000000000000000000000000000000000000000000
000000000000000000000000000000000000000000000000000000000000000000000000
000000000000000000000000000000000000000000000000000000000000000000000000
000000000000000000000000000000000000000000000000000000000000000000000000